169822:   ./client --iterations 10000
   Address Perm   Offset Device   Inode  Size   Rss  Pss Referenced Anonymous LazyFree ShmemPmdMapped FilePmdMapped Shared_Hugetlb Private_Hugetlb Swap SwapPss Locked THPeligible Mapping
5560410000 r-xp 00000000  b3:07 1198306    28    28   28         28         0        0              0             0              0               0    0       0      0           0 client
5560426000 r--p 00006000  b3:07 1198306     4     4    4          4         4        0              0             0              0               0    0       0      0           0 client
5560427000 rw-p 00007000  b3:07 1198306     4     4    4          4         4        0              0             0              0               0    0       0      0           0 client
5596347000 rw-p 00000000  00:00       0   388   364  364        364       364        0              0             0              0               0    0       0      0           0 [heap]
7fabf10000 rw-p 00000000  00:00       0    16    16   16         16        16        0              0             0              0               0    0       0      0           0 
7fabf14000 r-xp 00000000  b3:07  919446    32    32   16         32         0        0              0             0              0               0    0       0      0           0 libffi.so.7.1.0
7fabf1c000 ---p 00008000  b3:07  919446    60     0    0          0         0        0              0             0              0               0    0       0      0           0 libffi.so.7.1.0
7fabf2b000 r--p 00007000  b3:07  919446     4     4    4          4         4        0              0             0              0               0    0       0      0           0 libffi.so.7.1.0
7fabf2c000 rw-p 00008000  b3:07  919446     4     4    4          4         4        0              0             0              0               0    0       0      0           0 libffi.so.7.1.0
7fabf2d000 r-xp 00000000  b3:07  919695    16    16    2         16         0        0              0             0              0               0    0       0      0           0 libkeyutils.so.1.9
7fabf31000 ---p 00004000  b3:07  919695    60     0    0          0         0        0              0             0              0               0    0       0      0           0 libkeyutils.so.1.9
7fabf40000 r--p 00003000  b3:07  919695     4     4    4          4         4        0              0             0              0               0    0       0      0           0 libkeyutils.so.1.9
7fabf41000 rw-p 00004000  b3:07  919695     4     4    4          4         4        0              0             0              0               0    0       0      0           0 libkeyutils.so.1.9
7fabf42000 r-xp 00000000  b3:07  919481   136   120    8        120         0        0              0             0              0               0    0       0      0           0 libgpg-error.so.0.29.0
7fabf64000 ---p 00022000  b3:07  919481    60     0    0          0         0        0              0             0              0               0    0       0      0           0 libgpg-error.so.0.29.0
7fabf73000 r--p 00021000  b3:07  919481     4     4    4          4         4        0              0             0              0               0    0       0      0           0 libgpg-error.so.0.29.0
7fabf74000 rw-p 00022000  b3:07  919481     4     4    4          4         4        0              0             0              0               0    0       0      0           0 libgpg-error.so.0.29.0
7fabf75000 r-xp 00000000  b3:07  919513    72    60   30         60         0        0              0             0              0               0    0       0      0           0 libtasn1.so.6.6.0
7fabf87000 ---p 00012000  b3:07  919513    64     0    0          0         0        0              0             0              0               0    0       0      0           0 libtasn1.so.6.6.0
7fabf97000 r--p 00012000  b3:07  919513     4     4    4          4         4        0              0             0              0               0    0       0      0           0 libtasn1.so.6.6.0
7fabf98000 rw-p 00013000  b3:07  919513     4     4    4          4         4        0              0             0              0               0    0       0      0           0 libtasn1.so.6.6.0
7fabf99000 rw-p 00000000  00:00       0     8     8    8          8         8        0              0             0              0               0    0       0      0           0 
7fabf9b000 r-xp 00000000  b3:07  919827  1196   332  188        332         0        0              0             0              0               0    0       0      0           0 libp11-kit.so.0.3.0
7fac0c6000 ---p 0012b000  b3:07  919827    60     0    0          0         0        0              0             0              0               0    0       0      0           0 libp11-kit.so.0.3.0
7fac0d5000 r--p 0012a000  b3:07  919827    44    44   44         44        44        0              0             0              0               0    0       0      0           0 libp11-kit.so.0.3.0
7fac0e0000 rw-p 00135000  b3:07  919827    40    40   40         40        40        0              0             0              0               0    0       0      0           0 libp11-kit.so.0.3.0
7fac0ea000 r-xp 00000000  b3:07  919806   128    44   22         44         0        0              0             0              0               0    0       0      0           0 libbrotlicommon.so.1.0.9
7fac10a000 ---p 00020000  b3:07  919806    60     0    0          0         0        0              0             0              0               0    0       0      0           0 libbrotlicommon.so.1.0.9
7fac119000 r--p 0001f000  b3:07  919806     4     4    4          4         4        0              0             0              0               0    0       0      0           0 libbrotlicommon.so.1.0.9
7fac11a000 rw-p 00020000  b3:07  919806     4     4    4          4         4        0              0             0              0               0    0       0      0           0 libbrotlicommon.so.1.0.9
7fac11b000 r-xp 00000000  b3:07  919941   104    60   30         60         0        0              0             0              0               0    0       0      0           0 libsasl2.so.2.0.25
7fac135000 ---p 0001a000  b3:07  919941    64     0    0          0         0        0              0             0              0               0    0       0      0           0 libsasl2.so.2.0.25
7fac145000 r--p 0001a000  b3:07  919941     4     4    4          4         4        0              0             0              0               0    0       0      0           0 libsasl2.so.2.0.25
7fac146000 rw-p 0001b000  b3:07  919941     4     4    4          4         4        0              0             0              0               0    0       0      0           0 libsasl2.so.2.0.25
7fac147000 r-xp 00000000  b3:07  920058    76    60    5         60         0        0              0             0              0               0    0       0      0           0 libresolv-2.31.so
7fac15a000 ---p 00013000  b3:07  920058    64     0    0          0         0        0              0             0              0               0    0       0      0           0 libresolv-2.31.so
7fac16a000 r--p 00013000  b3:07  920058     4     4    4          4         4        0              0             0              0               0    0       0      0           0 libresolv-2.31.so
7fac16b000 rw-p 00014000  b3:07  920058     4     4    4          4         4        0              0             0              0               0    0       0      0           0 libresolv-2.31.so
7fac16c000 rw-p 00000000  00:00       0     8     4    4          4         4        0              0             0              0               0    0       0      0           0 
7fac16e000 r-xp 00000000  b3:07  919960    48    48    6         48         0        0              0             0              0               0    0       0      0           0 libkrb5support.so.0.1
7fac17a000 ---p 0000c000  b3:07  919960    60     0    0          0         0        0              0             0              0               0    0       0      0           0 libkrb5support.so.0.1
7fac189000 r--p 0000b000  b3:07  919960     4     4    4          4         4        0              0             0              0               0    0       0      0           0 libkrb5support.so.0.1
7fac18a000 rw-p 0000c000  b3:07  919960     4     4    4          4         4        0              0             0              0               0    0       0      0           0 libkrb5support.so.0.1
7fac18b000 r-xp 00000000  b3:07  919637    12    12    1         12         0        0              0             0              0               0    0       0      0           0 libcom_err.so.2.1
7fac18e000 ---p 00003000  b3:07  919637    60     0    0          0         0        0              0             0              0               0    0       0      0           0 libcom_err.so.2.1
7fac19d000 r--p 00002000  b3:07  919637     4     4    4          4         4        0              0             0              0               0    0       0      0           0 libcom_err.so.2.1
7fac19e000 rw-p 00003000  b3:07  919637     4     4    4          4         4        0              0             0              0               0    0       0      0           0 libcom_err.so.2.1
7fac19f000 r-xp 00000000  b3:07  919967   172    60    8         60         0        0              0             0              0               0    0       0      0           0 libk5crypto.so.3.1
7fac1ca000 ---p 0002b000  b3:07  919967    64     0    0          0         0        0              0             0              0               0    0       0      0           0 libk5crypto.so.3.1
7fac1da000 r--p 0002b000  b3:07  919967     4     4    4          4         4        0              0             0              0               0    0       0      0           0 libk5crypto.so.3.1
7fac1db000 rw-p 0002c000  b3:07  919967     4     4    4          4         4        0              0             0              0               0    0       0      0           0 libk5crypto.so.3.1
7fac1dc000 rw-p 00000000  00:00       0     4     0    0          0         0        0              0             0              0               0    0       0      0           0 
7fac1dd000 r-xp 00000000  b3:07  919758   812   204   36        204         0        0              0             0              0               0    0       0      0           0 libkrb5.so.3.3
7fac2a8000 ---p 000cb000  b3:07  919758    64     0    0          0         0        0              0             0              0               0    0       0      0           0 libkrb5.so.3.3
7fac2b8000 r--p 000cb000  b3:07  919758    48    48   48         48        48        0              0             0              0               0    0       0      0           0 libkrb5.so.3.3
7fac2c4000 rw-p 000d7000  b3:07  919758    12    12   12         12        12        0              0             0              0               0    0       0      0           0 libkrb5.so.3.3
7fac2c7000 r-xp 00000000  b3:07  919876    12    12    0         12         0        0              0             0              0               0    0       0      0           0 libdl-2.31.so
7fac2ca000 ---p 00003000  b3:07  919876    60     0    0          0         0        0              0             0              0               0    0       0      0           0 libdl-2.31.so
7fac2d9000 r--p 00002000  b3:07  919876     4     4    4          4         4        0              0             0              0               0    0       0      0           0 libdl-2.31.so
7fac2da000 rw-p 00003000  b3:07  919876     4     4    4          4         4        0              0             0              0               0    0       0      0           0 libdl-2.31.so
7fac2db000 r-xp 00000000  b3:07  920075   740   396  172        396         0        0              0             0              0               0    0       0      0           0 libgcrypt.so.20.2.8
7fac394000 ---p 000b9000  b3:07  920075    64     0    0          0         0        0              0             0              0               0    0       0      0           0 libgcrypt.so.20.2.8
7fac3a4000 r--p 000b9000  b3:07  920075     8     8    8          8         8        0              0             0              0               0    0       0      0           0 libgcrypt.so.20.2.8
7fac3a6000 rw-p 000bb000  b3:07  920075    20    20   20         20        20        0              0             0              0               0    0       0      0           0 libgcrypt.so.20.2.8
7fac3ab000 r-xp 00000000  b3:07  919965   472    64   32         64         0        0              0             0              0               0    0       0      0           0 libgmp.so.10.4.1
7fac421000 ---p 00076000  b3:07  919965    64     0    0          0         0        0              0             0              0               0    0       0      0           0 libgmp.so.10.4.1
7fac431000 r--p 00076000  b3:07  919965     4     4    4          4         4        0              0             0              0               0    0       0      0           0 libgmp.so.10.4.1
7fac432000 rw-p 00077000  b3:07  919965     4     4    4          4         4        0              0             0              0               0    0       0      0           0 libgmp.so.10.4.1
7fac433000 r-xp 00000000  b3:07  919611   260    64   40         64         0        0              0             0              0               0    0       0      0           0 libnettle.so.8.4
7fac474000 ---p 00041000  b3:07  919611    60     0    0          0         0        0              0             0              0               0    0       0      0           0 libnettle.so.8.4
7fac483000 r--p 00040000  b3:07  919611     8     8    8          8         8        0              0             0              0               0    0       0      0           0 libnettle.so.8.4
7fac485000 rw-p 00042000  b3:07  919611     4     4    4          4         4        0              0             0              0               0    0       0      0           0 libnettle.so.8.4
7fac486000 r-xp 00000000  b3:07  919765   284    64   40         64         0        0              0             0              0               0    0       0      0           0 libhogweed.so.6.4
7fac4cd000 ---p 00047000  b3:07  919765    60     0    0          0         0        0              0             0              0               0    0       0      0           0 libhogweed.so.6.4
7fac4dc000 r--p 00046000  b3:07  919765     4     4    4          4         4        0              0             0              0               0    0       0      0           0 libhogweed.so.6.4
7fac4dd000 rw-p 00047000  b3:07  919765     4     4    4          4         4        0              0             0              0               0    0       0      0           0 libhogweed.so.6.4
7fac4de000 r-xp 00000000  b3:07  919954  2032   912  466        912         0        0              0             0              0               0    0       0      0           0 libgnutls.so.30.29.1
7fac6da000 ---p 001fc000  b3:07  919954    60     0    0          0         0        0              0             0              0               0    0       0      0           0 libgnutls.so.30.29.1
7fac6e9000 r--p 001fb000  b3:07  919954    68    68   68         68        68        0              0             0              0               0    0       0      0           0 libgnutls.so.30.29.1
7fac6fa000 rw-p 0020c000  b3:07  919954     8     8    8          8         8        0              0             0              0               0    0       0      0           0 libgnutls.so.30.29.1
7fac6fc000 rw-p 00000000  00:00       0     8     8    8          8         8        0              0             0              0               0    0       0      0           0 
7fac6fe000 r-xp 00000000  b3:07  920052  1500    72   36         72         0        0              0             0              0               0    0       0      0           0 libunistring.so.2.1.0
7fac875000 ---p 00177000  b3:07  920052    64     0    0          0         0        0              0             0              0               0    0       0      0           0 libunistring.so.2.1.0
7fac885000 r--p 00177000  b3:07  920052    16    16   16         16        16        0              0             0              0               0    0       0      0           0 libunistring.so.2.1.0
7fac889000 rw-p 0017b000  b3:07  920052     4     4    4          4         4        0              0             0              0               0    0       0      0           0 libunistring.so.2.1.0
7fac88a000 r-xp 00000000  b3:07  919897   112   112    3        112         0        0              0             0              0               0    0       0      0           0 libpthread-2.31.so
7fac8a6000 ---p 0001c000  b3:07  919897    60     0    0          0         0        0              0             0              0               0    0       0      0           0 libpthread-2.31.so
7fac8b5000 r--p 0001b000  b3:07  919897     4     4    4          4         4        0              0             0              0               0    0       0      0           0 libpthread-2.31.so
7fac8b6000 rw-p 0001c000  b3:07  919897     4     4    4          4         4        0              0             0              0               0    0       0      0           0 libpthread-2.31.so
7fac8b7000 rw-p 00000000  00:00       0    16     4    4          4         4        0              0             0              0               0    0       0      0           0 
7fac8bb000 r-xp 00000000  b3:07  919754   100    64    8         64         0        0              0             0              0               0    0       0      0           0 libz.so.1.2.11
7fac8d4000 ---p 00019000  b3:07  919754    60     0    0          0         0        0              0             0              0               0    0       0      0           0 libz.so.1.2.11
7fac8e3000 r--p 00018000  b3:07  919754     4     4    4          4         4        0              0             0              0               0    0       0      0           0 libz.so.1.2.11
7fac8e4000 rw-p 00019000  b3:07  919754     4     4    4          4         4        0              0             0              0               0    0       0      0           0 libz.so.1.2.11
7fac8e5000 r-xp 00000000  b3:07  920073    40    40   20         40         0        0              0             0              0               0    0       0      0           0 libbrotlidec.so.1.0.9
7fac8ef000 ---p 0000a000  b3:07  920073    60     0    0          0         0        0              0             0              0               0    0       0      0           0 libbrotlidec.so.1.0.9
7fac8fe000 r--p 00009000  b3:07  920073     4     4    4          4         4        0              0             0              0               0    0       0      0           0 libbrotlidec.so.1.0.9
7fac8ff000 rw-p 0000a000  b3:07  920073     4     4    4          4         4        0              0             0              0               0    0       0      0           0 libbrotlidec.so.1.0.9
7fac900000 r-xp 00000000  b3:07  919820    56    52   26         52         0        0              0             0              0               0    0       0      0           0 liblber-2.4.so.2.11.5
7fac90e000 ---p 0000e000  b3:07  919820    60     0    0          0         0        0              0             0              0               0    0       0      0           0 liblber-2.4.so.2.11.5
7fac91d000 r--p 0000d000  b3:07  919820     4     4    4          4         4        0              0             0              0               0    0       0      0           0 liblber-2.4.so.2.11.5
7fac91e000 rw-p 0000e000  b3:07  919820     4     4    4          4         4        0              0             0              0               0    0       0      0           0 liblber-2.4.so.2.11.5
7fac91f000 r-xp 00000000  b3:07  919515   320    64   32         64         0        0              0             0              0               0    0       0      0           0 libldap_r-2.4.so.2.11.5
7fac96f000 ---p 00050000  b3:07  919515    64     0    0          0         0        0              0             0              0               0    0       0      0           0 libldap_r-2.4.so.2.11.5
7fac97f000 r--p 00050000  b3:07  919515     8     8    8          8         8        0              0             0              0               0    0       0      0           0 libldap_r-2.4.so.2.11.5
7fac981000 rw-p 00052000  b3:07  919515     4     4    4          4         4        0              0             0              0               0    0       0      0           0 libldap_r-2.4.so.2.11.5
7fac982000 rw-p 00000000  00:00       0     8     0    0          0         0        0              0             0              0               0    0       0      0           0 
7fac984000 r-xp 00000000  b3:07  919840   296    64    8         64         0        0              0             0              0               0    0       0      0           0 libgssapi_krb5.so.2.2
7fac9ce000 ---p 0004a000  b3:07  919840    64     0    0          0         0        0              0             0              0               0    0       0      0           0 libgssapi_krb5.so.2.2
7fac9de000 r--p 0004a000  b3:07  919840     8     8    8          8         8        0              0             0              0               0    0       0      0           0 libgssapi_krb5.so.2.2
7fac9e0000 rw-p 0004c000  b3:07  919840     8     8    8          8         8        0              0             0              0               0    0       0      0           0 libgssapi_krb5.so.2.2
7fac9e2000 r-xp 00000000  b3:07  919636  2484  1948  194       1948         0        0              0             0              0               0    0       0      0           0 libcrypto.so.1.1
7facc4f000 ---p 0026d000  b3:07  919636    60     0    0          0         0        0              0             0              0               0    0       0      0           0 libcrypto.so.1.1
7facc5e000 r--p 0026c000  b3:07  919636   184   184  184        184       184        0              0             0              0               0    0       0      0           0 libcrypto.so.1.1
7facc8c000 rw-p 0029a000  b3:07  919636     8     8    8          8         8        0              0             0              0               0    0       0      0           0 libcrypto.so.1.1
7facc8e000 rw-p 00000000  00:00       0    16    12   12         12        12        0              0             0              0               0    0       0      0           0 
7facc92000 r-xp 00000000  b3:07  919641   512   308  218        308         0        0              0             0              0               0    0       0      0           0 libssl.so.1.1
7facd12000 ---p 00080000  b3:07  919641    64     0    0          0         0        0              0             0              0               0    0       0      0           0 libssl.so.1.1
7facd22000 r--p 00080000  b3:07  919641    36    36   36         36        36        0              0             0              0               0    0       0      0           0 libssl.so.1.1
7facd2b000 rw-p 00089000  b3:07  919641    16    16   16         16        16        0              0             0              0               0    0       0      0           0 libssl.so.1.1
7facd2f000 r-xp 00000000  b3:07  919953    68    60   30         60         0        0              0             0              0               0    0       0      0           0 libpsl.so.5.3.2
7facd40000 ---p 00011000  b3:07  919953    60     0    0          0         0        0              0             0              0               0    0       0      0           0 libpsl.so.5.3.2
7facd4f000 r--p 00010000  b3:07  919953     4     4    4          4         4        0              0             0              0               0    0       0      0           0 libpsl.so.5.3.2
7facd50000 rw-p 00011000  b3:07  919953     4     4    4          4         4        0              0             0              0               0    0       0      0           0 libpsl.so.5.3.2
7facd51000 r-xp 00000000  b3:07  919485   192   124   78        124         0        0              0             0              0               0    0       0      0           0 libssh2.so.1.0.1
7facd81000 ---p 00030000  b3:07  919485    64     0    0          0         0        0              0             0              0               0    0       0      0           0 libssh2.so.1.0.1
7facd91000 r--p 00030000  b3:07  919485     4     4    4          4         4        0              0             0              0               0    0       0      0           0 libssh2.so.1.0.1
7facd92000 rw-p 00031000  b3:07  919485     4     4    4          4         4        0              0             0              0               0    0       0      0           0 libssh2.so.1.0.1
7facd93000 r-xp 00000000  b3:07  919788   108    64   32         64         0        0              0             0              0               0    0       0      0           0 librtmp.so.1
7facdae000 ---p 0001b000  b3:07  919788    64     0    0          0         0        0              0             0              0               0    0       0      0           0 librtmp.so.1
7facdbe000 r--p 0001b000  b3:07  919788     4     4    4          4         4        0              0             0              0               0    0       0      0           0 librtmp.so.1
7facdbf000 rw-p 0001c000  b3:07  919788     4     4    4          4         4        0              0             0              0               0    0       0      0           0 librtmp.so.1
7facdc0000 r-xp 00000000  b3:07  919774   120    48   24         48         0        0              0             0              0               0    0       0      0           0 libidn2.so.0.3.7
7facdde000 ---p 0001e000  b3:07  919774    64     0    0          0         0        0              0             0              0               0    0       0      0           0 libidn2.so.0.3.7
7facdee000 r--p 0001e000  b3:07  919774     4     4    4          4         4        0              0             0              0               0    0       0      0           0 libidn2.so.0.3.7
7facdef000 rw-p 0001f000  b3:07  919774     4     4    4          4         4        0              0             0              0               0    0       0      0           0 libidn2.so.0.3.7
7facdf0000 r-xp 00000000  b3:07  919464   160    64   40         64         0        0              0             0              0               0    0       0      0           0 libnghttp2.so.14.20.1
7face18000 ---p 00028000  b3:07  919464    60     0    0          0         0        0              0             0              0               0    0       0      0           0 libnghttp2.so.14.20.1
7face27000 r--p 00027000  b3:07  919464    12    12   12         12        12        0              0             0              0               0    0       0      0           0 libnghttp2.so.14.20.1
7face2a000 rw-p 0002a000  b3:07  919464     4     4    4          4         4        0              0             0              0               0    0       0      0           0 libnghttp2.so.14.20.1
7face2b000 r-xp 00000000  b3:07  920020  1396  1164   31       1164         0        0              0             0              0               0    0       0      0           0 libc-2.31.so
7facf88000 ---p 0015d000  b3:07  920020    64     0    0          0         0        0              0             0              0               0    0       0      0           0 libc-2.31.so
7facf98000 r--p 0015d000  b3:07  920020    12    12   12         12        12        0              0             0              0               0    0       0      0           0 libc-2.31.so
7facf9b000 rw-p 00160000  b3:07  920020    12    12   12         12        12        0              0             0              0               0    0       0      0           0 libc-2.31.so
7facf9e000 rw-p 00000000  00:00       0    12    12   12         12        12        0              0             0              0               0    0       0      0           0 
7facfa1000 r-xp 00000000  b3:07  925112    24    24   12         24         0        0              0             0              0               0    0       0      0           0 libuuid.so.1.3.0
7facfa7000 ---p 00006000  b3:07  925112    64     0    0          0         0        0              0             0              0               0    0       0      0           0 libuuid.so.1.3.0
7facfb7000 r--p 00006000  b3:07  925112     4     4    4          4         4        0              0             0              0               0    0       0      0           0 libuuid.so.1.3.0
7facfb8000 rw-p 00007000  b3:07  925112     4     4    4          4         4        0              0             0              0               0    0       0      0           0 libuuid.so.1.3.0
7facfb9000 r-xp 00000000  b3:07  924957    28    28   28         28         0        0              0             0              0               0    0       0      0           0 libcjson.so.1.7.14
7facfc0000 ---p 00007000  b3:07  924957    60     0    0          0         0        0              0             0              0               0    0       0      0           0 libcjson.so.1.7.14
7facfcf000 r--p 00006000  b3:07  924957     4     4    4          4         4        0              0             0              0               0    0       0      0           0 libcjson.so.1.7.14
7facfd0000 rw-p 00007000  b3:07  924957     4     4    4          4         4        0              0             0              0               0    0       0      0           0 libcjson.so.1.7.14
7facfd1000 r-xp 00000000  b3:07  921596   572   500  500        500         0        0              0             0              0               0    0       0      0           0 libcurl.so.4.7.0
7fad060000 ---p 0008f000  b3:07  921596    60     0    0          0         0        0              0             0              0               0    0       0      0           0 libcurl.so.4.7.0
7fad06f000 r--p 0008e000  b3:07  921596    16    16   16         16        16        0              0             0              0               0    0       0      0           0 libcurl.so.4.7.0
7fad073000 rw-p 00092000  b3:07  921596     8     8    8          8         8        0              0             0              0               0    0       0      0           0 libcurl.so.4.7.0
7fad075000 rw-p 00000000  00:00       0     4     4    4          4         4        0              0             0              0               0    0       0      0           0 
7fad076000 r-xp 00000000  b3:07 1193351  1324  1236 1236       1236         0        0              0             0              0               0    0       0      0           0 librelic.so
7fad1c1000 ---p 0014b000  b3:07 1193351    60     0    0          0         0        0              0             0              0               0    0       0      0           0 librelic.so
7fad1d0000 r--p 0014a000  b3:07 1193351     4     4    4          4         4        0              0             0              0               0    0       0      0           0 librelic.so
7fad1d1000 rw-p 0014b000  b3:07 1193351    12    12   12         12        12        0              0             0              0               0    0       0      0           0 librelic.so
7fad1d4000 rw-p 00000000  00:00       0   920    48   48         48        48        0              0             0              0               0    0       0      0           0 
7fad2c8000 r-xp 00000000  b3:07  919696   136   136    3        136         0        0              0             0              0               0    0       0      0           0 ld-2.31.so
7fad2ea000 rw-p 00000000  00:00       0    48    48   48         48        48        0              0             0              0               0    0       0      0           0 
7fad2f6000 r--p 00000000  00:00       0     8     0    0          0         0        0              0             0              0               0    0       0      0           0 [vvar]
7fad2f8000 r-xp 00000000  00:00       0     4     4    0          4         0        0              0             0              0               0    0       0      0           0 [vdso]
7fad2f9000 r--p 00021000  b3:07  919696     4     4    4          4         4        0              0             0              0               0    0       0      0           0 ld-2.31.so
7fad2fa000 rw-p 00022000  b3:07  919696     8     8    8          8         8        0              0             0              0               0    0       0      0           0 ld-2.31.so
7ffd2dd000 rw-p 00000000  00:00       0   132    32   32         32        32        0              0             0              0               0    0       0      0           0 [stack]
                                        ===== ===== ==== ========== ========= ======== ============== ============= ============== =============== ==== ======= ====== =========== 
                                        20900 10160 5085      10160      1396        0              0             0              0               0    0       0      0           0 KB 
